<?xml version="1.0" encoding="utf-8"?>
<opencv_storage>
   <M1 type_id="opencv-matrix">
      <rows>3</rows>
      <cols>3</cols>
      <dt>d</dt>
      <data>5.184618e+02 -6.987644e-01 3.117926e+02 
0.000000e+00 5.201502e+02 2.578663e+02 
0.000000e+00 0.000000e+00 1.000000e+00 
</data>
   </M1>
   <D1 type_id="opencv-matrix">
      <rows>1</rows>
      <cols>5</cols>
      <dt>d</dt>
      <data>-5.351661e-02 1.268484e-01 -9.156318e-04 8.313925e-04 5.355806e-02 
</data>
   </D1>
   <M2 type_id="opencv-matrix">
      <rows>3</rows>
      <cols>3</cols>
      <dt>d</dt>
      <data>5.181506e+02 -5.296974e-01 3.306409e+02 
0.000000e+00 5.194822e+02 2.575321e+02 
0.000000e+00 0.000000e+00 1.000000e+00 
</data>
   </M2>
   <D2 type_id="opencv-matrix">
      <rows>1</rows>
      <cols>5</cols>
      <dt>d</dt>
      <data>-5.282643e-02 9.039397e-02 -1.306004e-03 -6.004429e-04 1.751402e-01 
</data>
   </D2>
   <R type_id="opencv-matrix">
      <rows>3</rows>
      <cols>3</cols>
      <dt>d</dt>
      <data>9.999704e-01 3.432369e-04 -7.687635e-03 
-3.115098e-04 9.999914e-01 4.127844e-03 
7.688986e-03 -4.125327e-03 9.999619e-01 
</data>
   </R>
   <T type_id="opencv-matrix">
      <rows>3</rows>
      <cols>1</cols>
      <dt>d</dt>
      <data>-6.090914e+01 
5.952086e-02 
-9.503652e-02 
</data>
   </T>
</opencv_storage>