<?xml version="1.0" encoding="utf-8"?>
<opencv_storage>
   <M1 type_id="opencv-matrix">
      <rows>3</rows>
      <cols>3</cols>
      <dt>d</dt>
      <data>5.207634e+02 0.000000e+00 2.924226e+02 
0.000000e+00 5.205998e+02 2.630239e+02 
0.000000e+00 0.000000e+00 1.000000e+00 
</data>
   </M1>
   <D1 type_id="opencv-matrix">
      <rows>1</rows>
      <cols>5</cols>
      <dt>d</dt>
      <data>-4.760202e-02 2.223425e-01 -1.544387e-03 6.984940e-04 -2.730804e-01 
</data>
   </D1>
   <M2 type_id="opencv-matrix">
      <rows>3</rows>
      <cols>3</cols>
      <dt>d</dt>
      <data>5.212059e+02 0.000000e+00 2.972661e+02 
0.000000e+00 5.212440e+02 2.613302e+02 
0.000000e+00 0.000000e+00 1.000000e+00 
</data>
   </M2>
   <D2 type_id="opencv-matrix">
      <rows>1</rows>
      <cols>5</cols>
      <dt>d</dt>
      <data>-5.005719e-02 2.215963e-01 1.844840e-04 4.465807e-04 -2.397081e-01 
</data>
   </D2>
   <R type_id="opencv-matrix">
      <rows>3</rows>
      <cols>3</cols>
      <dt>d</dt>
      <data>9.999554e-01 3.662683e-04 -9.438947e-03 
-3.688521e-04 9.999999e-01 -2.720065e-04 
9.438847e-03 2.754759e-04 9.999554e-01 
</data>
   </R>
   <T type_id="opencv-matrix">
      <rows>3</rows>
      <cols>1</cols>
      <dt>d</dt>
      <data>-5.987106e+01 
-8.439014e-02 
-4.313815e-01 
</data>
   </T>
</opencv_storage>